450.000000 450.000000 0.000000
367.086750 450.000000 0.000000
368.679650 466.175500 0.000000
373.398000 481.729650 0.000000
381.059900 496.064050 0.000000
391.371250 508.628750 0.000000
403.935950 518.940100 0.000000
418.270350 526.602000 0.000000
433.824500 531.320350 0.000000
450.000000 532.913250 0.000000
466.175500 531.320350 0.000000
481.729650 526.602000 0.000000
496.064050 518.940100 0.000000
508.628750 508.628750 0.000000
518.940100 496.064050 0.000000
526.602000 481.729650 0.000000
531.320350 466.175500 0.000000
532.913250 450.000000 0.000000
531.320350 433.824500 0.000000
526.602000 418.270350 0.000000
518.940100 403.935950 0.000000
508.628750 391.371250 0.000000
496.064050 381.059900 0.000000
481.729650 373.398000 0.000000
466.175500 368.679650 0.000000
450.000000 367.086750 0.000000
433.824500 368.679650 0.000000
418.270350 373.398000 0.000000
403.935950 381.059900 0.000000
391.371250 391.371250 0.000000
381.059900 403.935950 0.000000
373.398000 418.270350 0.000000
368.679650 433.824500 0.000000
287.359300 450.000000 0.000000
290.484750 481.729650 0.000000
299.739550 512.239550 0.000000
314.769250 540.358400 0.000000
334.995850 565.004150 0.000000
359.641600 585.230750 0.000000
387.760450 600.260450 0.000000
418.270350 609.515250 0.000000
450.000000 612.640700 0.000000
481.729650 609.515250 0.000000
512.239550 600.260450 0.000000
540.358400 585.230750 0.000000
565.004150 565.004150 0.000000
585.230750 540.358400 0.000000
600.260450 512.239550 0.000000
609.515250 481.729650 0.000000
612.640700 450.000000 0.000000
609.515250 418.270350 0.000000
600.260450 387.760450 0.000000
585.230750 359.641600 0.000000
565.004150 334.995850 0.000000
540.358400 314.769250 0.000000
512.239550 299.739550 0.000000
481.729650 290.484750 0.000000
450.000000 287.359300 0.000000
418.270350 290.484750 0.000000
387.760450 299.739550 0.000000
359.641600 314.769250 0.000000
334.995850 334.995850 0.000000
314.769250 359.641600 0.000000
299.739550 387.760450 0.000000
290.484750 418.270350 0.000000
213.882750 450.000000 0.000000
218.419200 496.064050 0.000000
231.856000 540.358400 0.000000
253.675500 581.179650 0.000000
283.039600 616.960400 0.000000
318.820350 646.324500 0.000000
359.641600 668.144000 0.000000
403.935950 681.580800 0.000000
450.000000 686.117250 0.000000
496.064050 681.580800 0.000000
540.358400 668.144000 0.000000
581.179650 646.324500 0.000000
616.960400 616.960400 0.000000
646.324500 581.179650 0.000000
668.144000 540.358400 0.000000
681.580800 496.064050 0.000000
686.117250 450.000000 0.000000
681.580800 403.935950 0.000000
668.144000 359.641600 0.000000
646.324500 318.820350 0.000000
616.960400 283.039600 0.000000
581.179650 253.675500 0.000000
540.358400 231.856000 0.000000
496.064050 218.419200 0.000000
450.000000 213.882750 0.000000
403.935950 218.419200 0.000000
359.641600 231.856000 0.000000
318.820350 253.675500 0.000000
283.039600 283.039600 0.000000
253.675500 318.820350 0.000000
231.856000 359.641600 0.000000
218.419200 403.935950 0.000000
149.479950 450.000000 0.000000
155.254000 508.628750 0.000000
172.355150 565.004150 0.000000
200.126350 616.960400 0.000000
237.500000 662.500000 0.000000
283.039600 699.873650 0.000000
334.995850 727.644850 0.000000
391.371250 744.746000 0.000000
450.000000 750.520050 0.000000
508.628750 744.746000 0.000000
565.004150 727.644850 0.000000
616.960400 699.873650 0.000000
662.500000 662.500000 0.000000
699.873650 616.960400 0.000000
727.644850 565.004150 0.000000
744.746000 508.628750 0.000000
750.520050 450.000000 0.000000
744.746000 391.371250 0.000000
727.644850 334.995850 0.000000
699.873650 283.039600 0.000000
662.500000 237.500000 0.000000
616.960400 200.126350 0.000000
565.004150 172.355150 0.000000
508.628750 155.254000 0.000000
450.000000 149.479950 0.000000
391.371250 155.254000 0.000000
334.995850 172.355150 0.000000
283.039600 200.126350 0.000000
237.500000 237.500000 0.000000
200.126350 283.039600 0.000000
172.355150 334.995850 0.000000
155.254000 391.371250 0.000000
96.625420 450.000000 0.000000
103.415390 518.940100 0.000000
123.524350 585.230750 0.000000
156.179650 646.324500 0.000000
200.126350 699.873650 0.000000
253.675500 743.820350 0.000000
314.769250 776.475650 0.000000
381.059900 796.584950 0.000000
450.000000 803.374750 0.000000
518.940100 796.584950 0.000000
585.230750 776.475650 0.000000
646.324500 743.820350 0.000000
699.873650 699.873650 0.000000
743.820350 646.324500 0.000000
776.475650 585.230750 0.000000
796.584950 518.940100 0.000000
803.374750 450.000000 0.000000
796.584950 381.059900 0.000000
776.475650 314.769250 0.000000
743.820350 253.675500 0.000000
699.873650 200.126350 0.000000
646.324500 156.179650 0.000000
585.230750 123.524350 0.000000
518.940100 103.415390 0.000000
450.000000 96.625420 0.000000
381.059900 103.415390 0.000000
314.769250 123.524350 0.000000
253.675500 156.179650 0.000000
200.126350 200.126350 0.000000
156.179650 253.675500 0.000000
123.524350 314.769250 0.000000
103.415390 381.059900 0.000000
57.351170 450.000000 0.000000
64.895770 526.602000 0.000000
87.239805 600.260450 0.000000
123.524350 668.144000 0.000000
172.355150 727.644850 0.000000
231.856000 776.475650 0.000000
299.739550 812.760450 0.000000
373.398000 835.104400 0.000000
450.000000 842.649000 0.000000
526.602000 835.104400 0.000000
600.260450 812.760450 0.000000
668.144000 776.475650 0.000000
727.644850 727.644850 0.000000
776.475650 668.144000 0.000000
812.760450 600.260450 0.000000
835.104400 526.602000 0.000000
842.649000 450.000000 0.000000
835.104400 373.398000 0.000000
812.760450 299.739550 0.000000
776.475650 231.856000 0.000000
727.644850 172.355150 0.000000
668.144000 123.524350 0.000000
600.260450 87.239805 0.000000
526.602000 64.895770 0.000000
450.000000 57.351255 0.000000
373.398000 64.895770 0.000000
299.739550 87.239805 0.000000
231.856000 123.524350 0.000000
172.355150 172.355150 0.000000
123.524350 231.856000 0.000000
87.239805 299.739550 0.000000
64.895770 373.398000 0.000000
33.166239 450.000000 0.000000
41.175585 531.320350 0.000000
64.895855 609.515250 0.000000
103.415390 681.580800 0.000000
155.254000 744.746000 0.000000
218.419200 796.584950 0.000000
290.484750 835.104400 0.000000
368.679650 858.824500 0.000000
450.000000 866.834050 0.000000
531.320350 858.824500 0.000000
609.515250 835.104400 0.000000
681.580800 796.584950 0.000000
744.746000 744.746000 0.000000
796.584950 681.580800 0.000000
835.104400 609.515250 0.000000
858.824500 531.320350 0.000000
866.834050 450.000000 0.000000
858.824500 368.679650 0.000000
835.104400 290.484750 0.000000
796.584950 218.419200 0.000000
744.746000 155.254000 0.000000
681.580800 103.415475 0.000000
609.515250 64.895855 0.000000
531.320350 41.175500 0.000000
450.000000 33.166205 0.000000
368.679650 41.175500 0.000000
290.484750 64.895770 0.000000
218.420050 103.415305 0.000000
155.254000 155.254000 0.000000
103.415390 218.419200 0.000000
64.895770 290.484750 0.000000
41.175585 368.679650 0.000000
25.000000 450.000000 0.000000
33.166273 532.913250 0.000000
57.351255 612.640700 0.000000
96.625420 686.117250 0.000000
149.479950 750.520050 0.000000
213.882750 803.374750 0.000000
287.359300 842.649000 0.000000
367.086750 866.834050 0.000000
450.000000 875.000000 0.000000
532.913250 866.834050 0.000000
612.640700 842.649000 0.000000
686.117250 803.374750 0.000000
750.520050 750.520050 0.000000
803.374750 686.117250 0.000000
842.649000 612.640700 0.000000
866.834050 532.913250 0.000000
875.000000 450.000000 0.000000
866.834050 367.086750 0.000000
842.649000 287.359300 0.000000
803.374750 213.882750 0.000000
750.520050 149.479950 0.000000
686.117250 96.625420 0.000000
612.640700 57.351255 0.000000
532.913250 33.166205 0.000000
450.000000 25.000000 0.000000
367.086750 33.166205 0.000000
287.359300 57.351255 0.000000
213.882750 96.625335 0.000000
149.479950 149.479950 0.000000
96.625420 213.882750 0.000000
57.351170 287.359300 0.000000
33.166273 367.086750 0.000000
8.000000 32.000000 257.000000
