450.000000 450.000000 0.000000
450.000000 450.000000 0.000000
450.000000 450.000000 0.000000
450.000000 450.000000 0.000000
450.000000 450.000000 0.000000
450.000000 450.000000 0.000000
450.000000 450.000000 0.000000
450.000000 450.000000 0.000000
450.000000 450.000000 0.000000
450.000000 450.000000 0.000000
450.000000 450.000000 0.000000
450.000000 450.000000 0.000000
450.000000 450.000000 0.000000
450.000000 450.000000 0.000000
450.000000 450.000000 0.000000
450.000000 450.000000 0.000000
450.000000 450.000000 0.000000
450.000000 450.000000 0.000000
450.000000 450.000000 0.000000
450.000000 544.571000 0.000000
482.844000 538.868350 0.000000
511.727000 522.445500 0.000000
533.164850 497.285500 0.000000
544.571000 466.422000 0.000000
544.571000 433.578000 0.000000
533.164850 402.714500 0.000000
511.727000 377.554500 0.000000
482.844000 361.131650 0.000000
450.000000 355.429000 0.000000
417.156000 361.131650 0.000000
388.273000 377.554500 0.000000
366.835150 402.714500 0.000000
355.429000 433.578000 0.000000
355.429000 466.422000 0.000000
366.835150 497.285500 0.000000
388.273000 522.445500 0.000000
417.156000 538.868350 0.000000
450.000000 634.400700 0.000000
514.041550 623.280150 0.000000
570.359150 591.258950 0.000000
612.159600 542.200350 0.000000
634.400700 482.021200 0.000000
634.400700 417.978800 0.000000
612.159600 357.799650 0.000000
570.359150 308.741050 0.000000
514.041550 276.719850 0.000000
450.000000 265.599300 0.000000
385.958450 276.719850 0.000000
329.640850 308.741050 0.000000
287.841250 357.799650 0.000000
265.599300 417.978800 0.000000
265.599300 482.021200 0.000000
287.841250 542.200350 0.000000
329.640850 591.258950 0.000000
385.958450 623.280150 0.000000
450.000000 714.983250 0.000000
542.027800 699.002400 0.000000
622.955450 652.988500 0.000000
683.022400 582.491200 0.000000
714.983250 496.013900 0.000000
714.983250 403.986100 0.000000
683.022400 317.507950 0.000000
622.955450 247.011500 0.000000
542.027800 200.997600 0.000000
450.000000 185.016750 0.000000
357.972200 200.997600 0.000000
277.044550 247.011500 0.000000
216.977600 317.508800 0.000000
185.016750 403.986100 0.000000
185.016750 496.013900 0.000000
216.977600 582.491200 0.000000
277.044550 652.988500 0.000000
357.972200 699.002400 0.000000
450.000000 782.278600 0.000000
565.399400 762.239850 0.000000
666.879200 704.540150 0.000000
742.201100 616.139300 0.000000
782.278600 507.699700 0.000000
782.278600 392.300300 0.000000
742.201100 283.860700 0.000000
666.879200 195.459850 0.000000
565.399400 137.760150 0.000000
450.000000 117.721400 0.000000
334.600600 137.760150 0.000000
233.120800 195.459850 0.000000
157.798900 283.860700 0.000000
117.721400 392.300300 0.000000
117.721400 507.699700 0.000000
157.798900 616.139300 0.000000
233.120800 704.540150 0.000000
334.600600 762.239850 0.000000
450.000000 832.911400 0.000000
582.984200 809.819450 0.000000
699.928050 743.327350 0.000000
786.726650 641.455700 0.000000
832.911400 516.492100 0.000000
832.911400 383.507900 0.000000
786.726650 258.544300 0.000000
699.928050 156.672650 0.000000
582.984200 90.180720 0.000000
450.000000 67.088260 0.000000
317.015800 90.180720 0.000000
200.071950 156.672650 0.000000
113.273350 258.544300 0.000000
67.088260 383.507900 0.000000
67.088175 516.492100 0.000000
113.273350 641.455700 0.000000
200.071950 743.327350 0.000000
317.015800 809.819450 0.000000
450.000000 864.344400 0.000000
593.899900 839.356100 0.000000
720.443650 767.406150 0.000000
814.368650 657.172200 0.000000
864.344400 521.949950 0.000000
864.344400 378.050050 0.000000
814.368650 242.827800 0.000000
720.444500 132.593850 0.000000
593.899900 60.643645 0.000000
450.000000 35.655600 0.000000
306.100100 60.643645 0.000000
179.556350 132.593850 0.000000
85.631605 242.827800 0.000000
35.655600 378.050050 0.000000
35.655600 521.949950 0.000000
85.631605 657.172200 0.000000
179.555500 767.406150 0.000000
306.099250 839.356100 0.000000
450.000000 875.000000 0.000000
597.600800 849.369100 0.000000
727.399200 775.568700 0.000000
823.739050 662.500000 0.000000
875.000000 523.800400 0.000000
875.000000 376.199600 0.000000
823.739050 237.500000 0.000000
727.399200 124.431300 0.000000
597.600800 50.630645 0.000000
450.000000 25.000000 0.000000
302.399200 50.630645 0.000000
172.600800 124.431300 0.000000
76.261290 237.500000 0.000000
25.000000 376.199600 0.000000
25.000032 523.800400 0.000000
76.261290 662.500000 0.000000
172.600800 775.568700 0.000000
302.399200 849.369100 0.000000
8.000000 18.000000 145.000000
