0 0 0
0 0 0
0 0 0
0 0 0
0 0 0
0 0 0
0 0 0
0 0 0
0 0 0
0 0 0
0 0 0
0 0 0
0 0 0
0 0 0
0 0 0
0 0 0
0 0 0
0 0 0
0 0 0
0 0.222521 0
0.0772808 0.209101 0
0.14524 0.170461 0
0.195682 0.111261 0
0.222521 0.0386404 0
0.222521 -0.0386404 0
0.195682 -0.11126 0
0.14524 -0.170461 0
0.0772808 -0.209101 0
0 -0.222521 0
-0.0772807 -0.209101 0
-0.14524 -0.170461 0
-0.195682 -0.11126 0
-0.222521 -0.0386404 0
-0.222521 0.0386404 0
-0.195682 0.11126 0
-0.14524 0.170461 0
-0.0772808 0.209101 0
0 0.433884 0
0.150686 0.407717 0
0.283197 0.332374 0
0.381551 0.216942 0
0.433884 0.0753431 0
0.433884 -0.0753431 0
0.381551 -0.216942 0
0.283197 -0.332374 0
0.150686 -0.407717 0
-5.96046e-08 -0.433884 0
-0.150686 -0.407717 0
-0.283197 -0.332374 0
-0.381551 -0.216942 0
-0.433884 -0.0753431 0
-0.433884 0.0753431 0
-0.381551 0.216942 0
-0.283198 0.332374 0
-0.150686 0.407717 0
0 0.62349 0
0.216536 0.585889 0
0.406954 0.477621 0
0.548288 0.311745 0
0.62349 0.108268 0
0.62349 -0.108268 0
0.548288 -0.311745 0
0.406954 -0.477621 0
0.216536 -0.585889 0
-5.96046e-08 -0.62349 0
-0.216536 -0.585889 0
-0.406954 -0.477621 0
-0.548288 -0.311745 0
-0.62349 -0.108268 0
-0.62349 0.108268 0
-0.548288 0.311745 0
-0.406954 0.477621 0
-0.216536 0.585889 0
0 0.781832 0
0.271527 0.734681 0
0.510304 0.598918 0
0.687531 0.390916 0
0.781831 0.135764 0
0.781831 -0.135764 0
0.687531 -0.390916 0
0.510304 -0.598918 0
0.271527 -0.734681 0
-5.96046e-08 -0.781832 0
-0.271527 -0.734681 0
-0.510304 -0.598918 0
-0.687531 -0.390916 0
-0.781831 -0.135764 0
-0.781831 0.135764 0
-0.687531 0.390916 0
-0.510304 0.598918 0
-0.271527 0.734681 0
0 0.900969 0
0.312903 0.846634 0
0.588066 0.690182 0
0.792299 0.450485 0
0.900969 0.156452 0
0.900969 -0.156452 0
0.792299 -0.450485 0
0.588066 -0.690182 0
0.312903 -0.846634 0
-5.96046e-08 -0.900969 0
-0.312903 -0.846634 0
-0.588066 -0.690182 0
-0.792299 -0.450484 0
-0.900969 -0.156452 0
-0.900969 0.156452 0
-0.792299 0.450484 0
-0.588066 0.690182 0
-0.312903 0.846634 0
0 0.974928 0
0.338589 0.916133 0
0.636339 0.746838 0
0.857337 0.487464 0
0.974928 0.169295 0
0.974928 -0.169294 0
0.857337 -0.487464 0
0.636339 -0.746838 0
0.338589 -0.916133 0
-5.96046e-08 -0.974928 0
-0.338589 -0.916133 0
-0.636339 -0.746838 0
-0.857337 -0.487464 0
-0.974928 -0.169294 0
-0.974928 0.169294 0
-0.857337 0.487464 0
-0.636339 0.746838 0
-0.338589 0.916133 0
0 1 0
0.347296 0.939693 0
0.652704 0.766045 0
0.879385 0.5 0
1 0.173648 0
1 -0.173648 0
0.879385 -0.5 0
0.652704 -0.766044 0
0.347296 -0.939693 0
-5.96046e-08 -1 0
-0.347296 -0.939693 0
-0.652704 -0.766044 0
-0.879385 -0.5 0
-1 -0.173648 0
-1 0.173648 0
-0.879385 0.5 0
-0.652704 0.766044 0
-0.347297 0.939693 0
8 18 145
